      A     R     N     D     C     Q     E     G     H     I     L     K     M     F     P     S     T     W     Y     V
A  5.83
R   0.0   0.0
N   0.0   0.0   0.0
D   0.0   0.0   0.0   0.0
C -20.7   0.0   0.0   0.0  6.54
Q -21.3   0.0   0.0   0.0  6.48  6.42
E   5.9   0.0   0.0   0.0 -21.0 -21.7  5.97
G -8.54   0.0   0.0   0.0 -24.8 -24.8 -11.0  6.42
H   0.0   0.0   0.0   0.0   0.0   0.0   0.0   0.0   0.0
I   0.0   0.0   0.0   0.0   0.0   0.0   0.0   0.0   0.0   0.0
L   0.0   0.0   0.0   0.0   0.0   0.0   0.0   0.0   0.0   0.0   0.0
K   0.0   0.0   0.0   0.0   0.0   0.0   0.0   0.0   0.0   0.0   0.0   0.0
M   0.0   0.0   0.0   0.0   0.0   0.0   0.0   0.0   0.0   0.0   0.0   0.0   0.0
F -10.2   0.0   0.0   0.0 -24.7 -24.8 -14.6  6.48   0.0   0.0   0.0   0.0   0.0  6.54
P -23.0   0.0   0.0   0.0 -10.2 -8.54 -23.1 -21.3   0.0   0.0   0.0   0.0   0.0 -20.7  5.83
S   0.0   0.0   0.0   0.0   0.0   0.0   0.0   0.0   0.0   0.0   0.0   0.0   0.0   0.0   0.0   0.0
T -23.1   0.0   0.0   0.0 -14.6 -11.0 -23.1 -21.7   0.0   0.0   0.0   0.0   0.0 -21.0   5.9   0.0  5.97
W   0.0   0.0   0.0   0.0   0.0   0.0   0.0   0.0   0.0   0.0   0.0   0.0   0.0   0.0   0.0   0.0   0.0   0.0
Y   0.0   0.0   0.0   0.0   0.0   0.0   0.0   0.0   0.0   0.0   0.0   0.0   0.0   0.0   0.0   0.0   0.0   0.0   0.0
V   0.0   0.0   0.0   0.0   0.0   0.0   0.0   0.0   0.0   0.0   0.0   0.0   0.0   0.0   0.0   0.0   0.0   0.0   0.0   0.0
frequency 0.25 0.0 0.0 0.0 0.25 0.0 0.0 0.25 0.0 0.0 0.0 0.0 0.0 0.0 0.0 0.0 0.25 0.0 0.0 0.0